mm 0 105 60
mm 1 80 50
mm 2 20 55
mm 3 103 60
mm 4 70 135
mm 5 70 135
mm 6 70 135
mm 7 70 135
mm 8 10 135
mm 9 10 135
mm 10 157 115
mm 11 10 135
mm 12 135 135
mm 13 70 135
mm 14 70 135
mm 15 70 135
mm 16 0 50
mm 17 0 45
mm 18 67 25
mm 19 20 75
mm 20 15 60
mm 21 80 45
mm 22 28 58
mm 23 83 26
mm 24 1 135
mm 25 1 135
mm 26 40 71
mm 27 1 135
mm 28 85 150
mm 29 135 1
mm 30 135 1
mm 31 1 135
eda
es 0 2 0 0 1
es 1 3 0 0 0
es 2 2 0 8 1
es 3 3 0 8 0
es 4 4 0 1 1
es 5 6 0 1 0
es 6 4 0 9 1
es 7 6 0 9 0
es 8 5 0 3 1
es 9 6 0 3 0
es 10 5 0 11 1
es 11 6 0 11 0
ee 0 11
es 16 7 0 16 1
es 17 8 0 16 0
es 18 9 0 17 1
es 19 10 0 19 1
es 20 11 0 17 0
es 21 11 0 19 0
es 22 7 0 24 1
es 23 8 0 24 0
es 24 9 0 25 1
es 25 10 0 27 1
es 26 11 0 25 0
es 27 11 0 27 0
ee 16 27
